Rank:  1
Coord: 0, 1
Array
0 0 0 0 0 0 0 0 0 0 0 0 0 0 0 0 0 0 0 0 
0 0 0 0 0 0 0 0 0 0 0 0 0 0 0 0 0 0 0 0 
0 0 2 2 2 2 2 2 2 2 2 2 2 2 2 2 2 2 0 0 
0 0 2 2 2 2 2 2 2 2 2 2 2 2 2 2 2 2 0 0 
0 0 2 2 2 2 2 2 2 2 2 2 2 2 2 2 2 2 0 0 
0 0 2 2 2 2 2 2 2 2 2 2 2 2 2 2 2 2 0 0 
0 0 2 2 2 2 2 2 2 2 2 2 2 2 2 2 2 2 0 0 
0 0 2 2 2 2 2 2 2 2 2 2 2 2 2 2 2 2 0 0 
0 0 2 2 2 2 2 2 2 2 2 2 2 2 2 2 2 2 0 0 
0 0 2 2 2 2 2 2 2 2 2 2 2 2 2 2 2 2 0 0 
0 0 2 2 2 2 2 2 2 2 2 2 2 2 2 2 2 2 0 0 
0 0 2 2 2 2 2 2 2 2 2 2 2 2 2 2 2 2 0 0 
0 0 2 2 2 2 2 2 2 2 2 2 2 2 2 2 2 2 0 0 
0 0 2 2 2 2 2 2 2 2 2 2 2 2 2 2 2 2 0 0 
0 0 2 2 2 2 2 2 2 2 2 2 2 2 2 2 2 2 0 0 
0 0 2 2 2 2 2 2 2 2 2 2 2 2 2 2 2 2 0 0 
0 0 2 2 2 2 2 2 2 2 2 2 2 2 2 2 2 2 0 0 
0 0 2 2 2 2 2 2 2 2 2 2 2 2 2 2 2 2 0 0 
0 0 0 0 0 0 0 0 0 0 0 0 0 0 0 0 0 0 0 0 
0 0 0 0 0 0 0 0 0 0 0 0 0 0 0 0 0 0 0 0 

Array after exchange
3 3 4 4 4 4 4 4 4 4 4 4 4 4 4 4 4 4 3 3 
3 3 4 4 4 4 4 4 4 4 4 4 4 4 4 4 4 4 3 3 
1 1 2 2 2 2 2 2 2 2 2 2 2 2 2 2 2 2 1 1 
1 1 2 2 2 2 2 2 2 2 2 2 2 2 2 2 2 2 1 1 
1 1 2 2 2 2 2 2 2 2 2 2 2 2 2 2 2 2 1 1 
1 1 2 2 2 2 2 2 2 2 2 2 2 2 2 2 2 2 1 1 
1 1 2 2 2 2 2 2 2 2 2 2 2 2 2 2 2 2 1 1 
1 1 2 2 2 2 2 2 2 2 2 2 2 2 2 2 2 2 1 1 
1 1 2 2 2 2 2 2 2 2 2 2 2 2 2 2 2 2 1 1 
1 1 2 2 2 2 2 2 2 2 2 2 2 2 2 2 2 2 1 1 
1 1 2 2 2 2 2 2 2 2 2 2 2 2 2 2 2 2 1 1 
1 1 2 2 2 2 2 2 2 2 2 2 2 2 2 2 2 2 1 1 
1 1 2 2 2 2 2 2 2 2 2 2 2 2 2 2 2 2 1 1 
1 1 2 2 2 2 2 2 2 2 2 2 2 2 2 2 2 2 1 1 
1 1 2 2 2 2 2 2 2 2 2 2 2 2 2 2 2 2 1 1 
1 1 2 2 2 2 2 2 2 2 2 2 2 2 2 2 2 2 1 1 
1 1 2 2 2 2 2 2 2 2 2 2 2 2 2 2 2 2 1 1 
1 1 2 2 2 2 2 2 2 2 2 2 2 2 2 2 2 2 1 1 
3 3 4 4 4 4 4 4 4 4 4 4 4 4 4 4 4 4 3 3 
3 3 4 4 4 4 4 4 4 4 4 4 4 4 4 4 4 4 3 3 
