Rank:  2
Coord: 1, 0
Array
0 0 0 0 0 0 0 0 0 0 0 0 0 0 0 0 0 0 0 0 
0 0 0 0 0 0 0 0 0 0 0 0 0 0 0 0 0 0 0 0 
0 0 3 3 3 3 3 3 3 3 3 3 3 3 3 3 3 3 0 0 
0 0 3 3 3 3 3 3 3 3 3 3 3 3 3 3 3 3 0 0 
0 0 3 3 3 3 3 3 3 3 3 3 3 3 3 3 3 3 0 0 
0 0 3 3 3 3 3 3 3 3 3 3 3 3 3 3 3 3 0 0 
0 0 3 3 3 3 3 3 3 3 3 3 3 3 3 3 3 3 0 0 
0 0 3 3 3 3 3 3 3 3 3 3 3 3 3 3 3 3 0 0 
0 0 3 3 3 3 3 3 3 3 3 3 3 3 3 3 3 3 0 0 
0 0 3 3 3 3 3 3 3 3 3 3 3 3 3 3 3 3 0 0 
0 0 3 3 3 3 3 3 3 3 3 3 3 3 3 3 3 3 0 0 
0 0 3 3 3 3 3 3 3 3 3 3 3 3 3 3 3 3 0 0 
0 0 3 3 3 3 3 3 3 3 3 3 3 3 3 3 3 3 0 0 
0 0 3 3 3 3 3 3 3 3 3 3 3 3 3 3 3 3 0 0 
0 0 3 3 3 3 3 3 3 3 3 3 3 3 3 3 3 3 0 0 
0 0 3 3 3 3 3 3 3 3 3 3 3 3 3 3 3 3 0 0 
0 0 3 3 3 3 3 3 3 3 3 3 3 3 3 3 3 3 0 0 
0 0 3 3 3 3 3 3 3 3 3 3 3 3 3 3 3 3 0 0 
0 0 0 0 0 0 0 0 0 0 0 0 0 0 0 0 0 0 0 0 
0 0 0 0 0 0 0 0 0 0 0 0 0 0 0 0 0 0 0 0 

Array after exchange
2 2 1 1 1 1 1 1 1 1 1 1 1 1 1 1 1 1 2 2 
2 2 1 1 1 1 1 1 1 1 1 1 1 1 1 1 1 1 2 2 
4 4 3 3 3 3 3 3 3 3 3 3 3 3 3 3 3 3 4 4 
4 4 3 3 3 3 3 3 3 3 3 3 3 3 3 3 3 3 4 4 
4 4 3 3 3 3 3 3 3 3 3 3 3 3 3 3 3 3 4 4 
4 4 3 3 3 3 3 3 3 3 3 3 3 3 3 3 3 3 4 4 
4 4 3 3 3 3 3 3 3 3 3 3 3 3 3 3 3 3 4 4 
4 4 3 3 3 3 3 3 3 3 3 3 3 3 3 3 3 3 4 4 
4 4 3 3 3 3 3 3 3 3 3 3 3 3 3 3 3 3 4 4 
4 4 3 3 3 3 3 3 3 3 3 3 3 3 3 3 3 3 4 4 
4 4 3 3 3 3 3 3 3 3 3 3 3 3 3 3 3 3 4 4 
4 4 3 3 3 3 3 3 3 3 3 3 3 3 3 3 3 3 4 4 
4 4 3 3 3 3 3 3 3 3 3 3 3 3 3 3 3 3 4 4 
4 4 3 3 3 3 3 3 3 3 3 3 3 3 3 3 3 3 4 4 
4 4 3 3 3 3 3 3 3 3 3 3 3 3 3 3 3 3 4 4 
4 4 3 3 3 3 3 3 3 3 3 3 3 3 3 3 3 3 4 4 
4 4 3 3 3 3 3 3 3 3 3 3 3 3 3 3 3 3 4 4 
4 4 3 3 3 3 3 3 3 3 3 3 3 3 3 3 3 3 4 4 
2 2 1 1 1 1 1 1 1 1 1 1 1 1 1 1 1 1 2 2 
2 2 1 1 1 1 1 1 1 1 1 1 1 1 1 1 1 1 2 2 
