Rank:  3
Coord: 1, 1
Array
0 0 0 0 0 0 0 0 0 0 0 0 0 0 0 0 0 0 0 0 
0 0 0 0 0 0 0 0 0 0 0 0 0 0 0 0 0 0 0 0 
0 0 4 4 4 4 4 4 4 4 4 4 4 4 4 4 4 4 0 0 
0 0 4 4 4 4 4 4 4 4 4 4 4 4 4 4 4 4 0 0 
0 0 4 4 4 4 4 4 4 4 4 4 4 4 4 4 4 4 0 0 
0 0 4 4 4 4 4 4 4 4 4 4 4 4 4 4 4 4 0 0 
0 0 4 4 4 4 4 4 4 4 4 4 4 4 4 4 4 4 0 0 
0 0 4 4 4 4 4 4 4 4 4 4 4 4 4 4 4 4 0 0 
0 0 4 4 4 4 4 4 4 4 4 4 4 4 4 4 4 4 0 0 
0 0 4 4 4 4 4 4 4 4 4 4 4 4 4 4 4 4 0 0 
0 0 4 4 4 4 4 4 4 4 4 4 4 4 4 4 4 4 0 0 
0 0 4 4 4 4 4 4 4 4 4 4 4 4 4 4 4 4 0 0 
0 0 4 4 4 4 4 4 4 4 4 4 4 4 4 4 4 4 0 0 
0 0 4 4 4 4 4 4 4 4 4 4 4 4 4 4 4 4 0 0 
0 0 4 4 4 4 4 4 4 4 4 4 4 4 4 4 4 4 0 0 
0 0 4 4 4 4 4 4 4 4 4 4 4 4 4 4 4 4 0 0 
0 0 4 4 4 4 4 4 4 4 4 4 4 4 4 4 4 4 0 0 
0 0 4 4 4 4 4 4 4 4 4 4 4 4 4 4 4 4 0 0 
0 0 0 0 0 0 0 0 0 0 0 0 0 0 0 0 0 0 0 0 
0 0 0 0 0 0 0 0 0 0 0 0 0 0 0 0 0 0 0 0 

Array after exchange
1 1 2 2 2 2 2 2 2 2 2 2 2 2 2 2 2 2 1 1 
1 1 2 2 2 2 2 2 2 2 2 2 2 2 2 2 2 2 1 1 
3 3 4 4 4 4 4 4 4 4 4 4 4 4 4 4 4 4 3 3 
3 3 4 4 4 4 4 4 4 4 4 4 4 4 4 4 4 4 3 3 
3 3 4 4 4 4 4 4 4 4 4 4 4 4 4 4 4 4 3 3 
3 3 4 4 4 4 4 4 4 4 4 4 4 4 4 4 4 4 3 3 
3 3 4 4 4 4 4 4 4 4 4 4 4 4 4 4 4 4 3 3 
3 3 4 4 4 4 4 4 4 4 4 4 4 4 4 4 4 4 3 3 
3 3 4 4 4 4 4 4 4 4 4 4 4 4 4 4 4 4 3 3 
3 3 4 4 4 4 4 4 4 4 4 4 4 4 4 4 4 4 3 3 
3 3 4 4 4 4 4 4 4 4 4 4 4 4 4 4 4 4 3 3 
3 3 4 4 4 4 4 4 4 4 4 4 4 4 4 4 4 4 3 3 
3 3 4 4 4 4 4 4 4 4 4 4 4 4 4 4 4 4 3 3 
3 3 4 4 4 4 4 4 4 4 4 4 4 4 4 4 4 4 3 3 
3 3 4 4 4 4 4 4 4 4 4 4 4 4 4 4 4 4 3 3 
3 3 4 4 4 4 4 4 4 4 4 4 4 4 4 4 4 4 3 3 
3 3 4 4 4 4 4 4 4 4 4 4 4 4 4 4 4 4 3 3 
3 3 4 4 4 4 4 4 4 4 4 4 4 4 4 4 4 4 3 3 
1 1 2 2 2 2 2 2 2 2 2 2 2 2 2 2 2 2 1 1 
1 1 2 2 2 2 2 2 2 2 2 2 2 2 2 2 2 2 1 1 
